0.02050213987568476 0.020502139875684753 0.020502139875684763 0.020502139875684756 0.020502139875684756 0.02050213987568475 0.02050213987568474 0.02050213987568475 0.020502139875684753 0.020502139875684753 0.020502139875684753 0.020502139875684753 0.020502139875684763 0.020502139875684756 0.02050213987568475 0.020502139875684743 0.020502139875684743 0.02050213987568474 0.02050213987568473 0.020502139875684732
0.049383075642478604 0.04646332385049932 0.04531721072127899 0.045048835942302204 0.045342188415256376 0.045549066186769724 0.04629918725957804 0.046523781694281466 0.046832722808644894 0.04717773177485868 0.04762347412918846 0.0483979046328034 0.049174751441731585 0.04972169487133369 0.05041160554027389 0.05108890263989845 0.05184859797903464 0.052568570792435 0.053302731754222635 0.05389020506079504
0.05328345417957549 0.05068050949819982 0.04914022325538244 0.04857350720324276 0.04852132050533613 0.04883332150433157 0.048936136149553174 0.049514245183515805 0.050187005083290374 0.0506837435919329 0.05137091018772357 0.051925350496724657 0.05258697710620068 0.05314552084455666 0.05387506563685032 0.05466828214344737 0.055294611088101964 0.05599207387839513 0.05661279831518563 0.057293078230569415
0.056498828552373245 0.054606387531606564 0.05297631382669938 0.052535331653691675 0.052577409568664454 0.05241527107822724 0.05268533558373083 0.05296222814566274 0.053341473507321 0.05389169931527073 0.05429328957175498 0.05494751188306779 0.055398368289739014 0.05588035877123389 0.056534721007604836 0.05722978245681761 0.05781689511181679 0.05839287059667148 0.05890529311890813 0.05950511887671822
0.05996315289761351 0.05703868288102302 0.055544181371066134 0.055572326399919166 0.055159292541420046 0.055253124301104774 0.055433359063861404 0.05530677640691125 0.055395981712061906 0.05586690254800839 0.05639820033982664 0.05699822957921033 0.05745621747214135 0.05818726904365355 0.05883493250791199 0.059546859994916046 0.06013595884482727 0.06064741463220186 0.061085544293662114 0.061680548518878095
0.06049335125635671 0.05719653758185397 0.05609713970484796 0.0551764383741455 0.054025725197831775 0.05403063735455001 0.054490604585957475 0.05479851673404781 0.05524047938318263 0.055502301618684725 0.05631618210785022 0.05689204854522671 0.05750892773111062 0.058220025955642844 0.058915275839043386 0.059512864481793624 0.06001208562798625 0.0605407647725063 0.061030791104868164 0.06173970975387548
0.06189644553343548 0.0586686830815586 0.05746160775778919 0.0563830960124873 0.05579489761905931 0.055705529062458424 0.055931418982483584 0.05624722612994749 0.05666798303017805 0.05695785070197784 0.05736823456720919 0.057954586902473584 0.058339651919826645 0.058891683896955815 0.05944701042953967 0.060012269706103176 0.06052627662613677 0.06109788321672155 0.06169197456770259 0.06232860907397151
0.06516595816398593 0.06101842126738558 0.059547639490401975 0.057711145690165916 0.057728833357140664 0.057533985001640295 0.058007573806638846 0.058322401895763994 0.05861629324246454 0.05875131246320681 0.05927579420615202 0.059742121192232295 0.06035945153570259 0.06085214931297564 0.061452688007124355 0.0618173000010276 0.062356690471838214 0.0628389808776228 0.06331036283334956 0.06373057712320966
0.0661382611030785 0.06251500457527624 0.060974098850679066 0.05958762175797516 0.05931154647846936 0.059314726682109235 0.05957255146341314 0.05979682238142514 0.05988515308692708 0.06018151293960992 0.06057201183380463 0.06087954198710449 0.061384017009983007 0.06184907455145379 0.06233057674832835 0.0629139232162691 0.06336335867872724 0.06383875655897363 0.06439138145043383 0.06481696822802764
0.0664868556293581 0.06350986729082635 0.062148036514912325 0.060926261680761144 0.060727495752209454 0.06076207266864444 0.06068799265417186 0.0606268126063457 0.06083103891183522 0.061190208112505876 0.06151755924267781 0.06179751313965369 0.06223606442292464 0.06269232260587723 0.06313661943187021 0.06343422061704364 0.0639587603784823 0.06456103785044895 0.06518900211464154 0.06573840168883575
0.06702458783495256 0.06473268312198896 0.06271749840238518 0.06226430008418917 0.061835836455948916 0.061828980315834614 0.06182398125437405 0.06207302755363627 0.062379994902460795 0.06261562403397589 0.06270160887221252 0.0630729084679167 0.06343800713481092 0.06382503562793079 0.06429557620025168 0.06463390400842714 0.0650428470237833 0.06561205236135932 0.06602003184673337 0.06640113909463745
0.06788782379278827 0.06589077383737647 0.06455817649231899 0.06430445281554101 0.0638686989433863 0.06348725198712168 0.06361762998458895 0.06342634214750689 0.06366493638407014 0.06413591227761804 0.0643819094374392 0.06501383406301915 0.06526297041499357 0.06565910790108175 0.06614711773057608 0.06671387797942613 0.06709503800687329 0.06753188717304995 0.06798656195544828 0.06847594577252002
0.0706658256769425 0.06687317822192826 0.0658803334203557 0.06512777094276129 0.06437305464360112 0.06414429332128972 0.06448101169864583 0.06458818439333243 0.06473606099800512 0.06470800803074413 0.06511476777924774 0.06559988135176027 0.0660646885444049 0.06629378262231281 0.06671713806710854 0.06711037815796561 0.06767028407593603 0.06813741873861485 0.06862873683734234 0.06923317920067232
0.07047902833313704 0.06769651027604519 0.06691868394193932 0.06611357066748548 0.06597267541907895 0.06549757686930922 0.06556164611958885 0.06545488357488796 0.06565517126085041 0.06564764364890091 0.06590923719560762 0.06626817145291136 0.06671948993973845 0.06719324417269448 0.06766118607830808 0.06817263083108262 0.06864229722526326 0.06904280912718912 0.06962924958593275 0.07016458164241582
0.07312213851481476 0.06915756472304689 0.06782829820581211 0.06772418848052097 0.06697999791466366 0.06653193932935074 0.06665242241476393 0.06650893941678407 0.06647886139640474 0.0666117304235929 0.06696657369029262 0.06727848188849768 0.06764063573955356 0.06795301360115834 0.06834814076517043 0.06865529533613449 0.06909209491753127 0.0696470692599296 0.06994036503512896 0.07028923920186302
0.07250092679027423 0.06912051043981132 0.06807919899258408 0.06728272087616652 0.06666685744593939 0.06661192301052438 0.0667807118057058 0.06693755327620655 0.06694855061031343 0.06724909557798173 0.06740922635476167 0.06778933798600124 0.06809607871555848 0.06851438285867484 0.06884052409733696 0.06913508612396027 0.0694129205214653 0.06984174099346119 0.0702214332124558 0.07057560707374738
0.07353844513373808 0.0701535964075809 0.06828138641888619 0.06788366816937894 0.06742778830123329 0.06745166723142774 0.0676535289518708 0.0679973648621211 0.06796633434854468 0.06812327070195705 0.06815276360449989 0.068447527071854 0.06867450969517186 0.06920954903938514 0.0696462257438104 0.06997674266353203 0.07050809120462281 0.0707622195171387 0.07109721581513037 0.07163294325026508
0.07387214427532818 0.07082854755165832 0.06901686961367162 0.06849659384848533 0.06793615026048874 0.06764674058590249 0.06798068857436512 0.06822689051506689 0.06849442277892914 0.0683562484894042 0.06866262158794006 0.06922198998866776 0.06960062436178152 0.07003837527180368 0.07038754506005833 0.07070068129906501 0.07104406235681081 0.07141625530386174 0.07184961105599902 0.07242051052997094
0.07387881248809906 0.07201473141638483 0.07033252100614591 0.06994289761832308 0.06925789889159996 0.06929089581204169 0.06914822279137182 0.06925003094313499 0.06943769051048364 0.0696604822825102 0.06987878634064025 0.0702746495395061 0.07046327154643846 0.07080054199940265 0.07131439915216857 0.07179141606672627 0.07204942224215871 0.07247557088173953 0.07290683871871839 0.07337236456688412
0.07509096129915586 0.0728608515945229 0.07061848625766194 0.07052018437009851 0.06970046524986459 0.06973147675953131 0.06985579413474058 0.06984673631394374 0.06984437754008832 0.07021428525526525 0.07045435211457633 0.07069013629869934 0.07096243626978248 0.07146263092144879 0.07175005995454047 0.0720444489320243 0.07243079063417333 0.07293463766007971 0.07329857098173378 0.07363573371092369
